413
351
307
413
239
401
270
468
198
274
344
354
413
334
372
202
400
252
340
334
219
388
465
382
243
413
219
263
368
330
423
430
227
379
318
315
462
208
350
321
219
313
374
342
221
272
384
221
394
253
248
279
335
348
407
330
400
344
416
476
413
374
322
434
443
413
194
309
350
425
249
357
291
346
319
384
216
413
253
262
405
429
211
302
305
397
312
476
215
413
419
329
416
452
464
445
459
322
484
355
409
254
362
428
264
413
242
450
330
357
232
324
407
422
417
275
283
373
379
183
323
398
279
327
226
337
334
229
400
264
285
346
318
337
295
450
378
389
335
349
351
369
474
433
335
422
365
270
362
211
305
274
413
410
432
332
493
360
297
359
235
434
429
227
359
335
363
324
412
413
340
228
428
268
330
233
459
382
272
314
136
356
294
236
451
335
226
340
429
407
391
417
442
422
387
176
449
401
263
408
334
468
329
426
301
375
280
333
455
426
369
289
406
284
422
274
379
259
428
351
422
328
323
379
399
417
395
302
305
351
430
218
369
227
426
209
441
252
363
413
442
315
473
357
413
302
439
321
217
413
289
456
335
379
416
412
417
380
395
258
419
380
319
423
274
290
341
273
280
287
375
222
374
429
409
464
340
411
297
392
279
381
302
422
462
311
312
295
344
205
473
211
395
306
441
211
288
284
416
471
428
377
406
430
326
334
213
313
416
395
434
441
379
298
328
378
254
413
451
313
467
305
384
401
477
328
363
426
457
369
465
398
309
423
335
476
436
242
364
275
319
280
439
380
443
413
441
413
324
426
267
266
392
397
401
369
416
253
419
277
217
398
422
498
356
374
243
315
289
426
357
254
419
277
335
366
247
355
459
330
287
331
267
439
459
310
456
309
163
306
394
335
280
413
422
445
413
397
271
426
413
275
221
248
429
341
375
227
424
375
385
279
311
336
215
314
288
336
361
449
375
409
388
391
462
395
453
319
275
196
336
444
432
243
275
326
290
395
270
426
326
245
340
400
417
304
312
470
384
404
425
273
224
284
413
416
284
393
248
224
395
341
389
304
298
416
423
288
194
429
428
389
238
223
283
309
403
337
290
285
365
328
268
375
305
345
221
262
342
358
210
321
479
300
231
413
363
395
377
192
369
354
345
416
272
388
378
356
238
306
453
398
313
389
363
320
422
189
413
254
271
213
341
469
250
339
432
434
233
291
434
351
254
367
417
240
484
422
436
295
352
369
414
289
362
413
359
362
391
459
416
300
441
427
209
341
192
350
278
422
237
436
328
487
209
268
309
380
294
228
391
217
319
314
424
286
395
258
407
311
342
283
262
425
268
247
351
251
361
334
413
253
229
282
422
252
413
308
376
307
359
420
187
219
335
237
433
252
340
198
383
461
237
413
383
327
203
450
412
285
248
425
357
325
273
413
438
239
270
305
351
346
412
374
321
311
251
423
369
227
423
318
406
334
357
318
283
341
426
353
378
401
305
470
334
417
250
337
282
237
359
413
227
396
351
401
422
438
436
362
395
426
223
351
353
397
237
396
428
204
426
364
341
338
379
428
413
330
259
291
279
313
329
354
285
408
335
457
294
455
395
391
291
386
335
384
312
234
314
365
384
290
289
212
274
341
401
279
234
314
422
322
273
334
237
212
368
260
248
450
285
192
286
359
306
273
366
366
429
422
250
334
416
429
417
328
413
208
306
354
324
251
227
249
304
261
363
359
351
451
403
401
419
192
263
395
241
442
366
383
382
428
375
335
341
249
320
253
425
369
330
416
315
458
440
411
395
375
434
360
379
407
403
194
413
222
341
352
395
275
419
268
264
388
449
187
247
459
260
310
334
375
413
444
176
413
263
305
324
442
444
375
325
228
379
370
369
422
262
429
389
413
357
453
279
351
258
400
242
335
499
273
357
443
428
368
252
413
413
373
362
354
312
333
306
379
270
211
410
422
350
457
374
329
389
481
428
405
389
296
392
340
447
243
427
422
416
359
360
443
357
389
296
227
222
467
459
451
384
271
429
298
261
255
413
285
321
396
406
353
397
324
238
375
441
303
212
335
389
328
379
223
446
283
259
264
418
320
357
447
405
428
369
429
279
448
286
396
364
351
398
395
292
218
311
425
353
432
368
384
321
258
351
243
306
362
198
419
335
416
250
352
459
261
242
422
395
295
446
472
411
293
263
356
504
192
413
254
361
216
488
238
413
333
322
309
306
323
441
283
215
273
265
326
312
406
378
219
381
435
407
226
432
268
380
395
405
362
416
431
310
419
316
425
335
320
367
258
204
299
441
304
426
401
395
369
331
413
364
447
248
441
274
461
346
451
407
243
395
337
340
284
319
295
389
390
325
275
378
419
429
459
264
293
312
390
245
404
193
243
369
291
452
329
385
255
254
324
413
249
436
438
346
445
483
304
372
413
292
413
293
334
379
360
369
313
342
413
305
232
431
461
329
263
465
305
345
352
257
338
274
304
442
441
462
441
324
433
410
314
252
432
312
426
473
192
422
291
269
353
350
451
368
351
320
247
357
437
302
447
318
370
351
412
502
279
225
383
187
209
436
286
396
227
376
287
259
365
187
258
419
351
351
309
221
303
355
413
343
431
413
346
337
426
413
378
254
468
422
253
269
397
286
455
448
446
378
444
228
222
392
459
353
350
192
258
334
419
369
313
363
438
237
447
444
402
305
458
293
419
401
276
218
267
369
413
351
422
335
401
250
295
372
437
294
266
320
431
213
421
338
336
255
305
388
375
374
465
246
248
448
301
253
488
389
263
258
375
382
216
243
357
321
295
408
360
369
381
407
357
350
401
419
478
464
339
242
358
238
397
237
321
322
357
299
266
257
417
413
245
238
327
245
407
274
226
252
329
264
397
241
335
425
353
335
328
412
399
341
269
375
378
432
219
293
423
213
416
310
313
419
274
456
439
253
293
403
269
360
309
305
413
407
393
456
398
277
459
265
425
221
369
279
274
410
420
291
246
295
294
448
452
379
395
263
294
353
264
314
284
413
424
333
280
263
222
383
429
425
407
435
389
226
225
435
442
416
322
428
221
346
334
345
413
413
405
401
375
424
416
274
303
206
305
307
468
279
243
298
328
295
432
434
300
428
265
445
323
346
448
352
467
307
409
225
361
352
302
438
257
308
378
274
284
304
392
301
459
319
199
270
440
220
216
390
411
389
217
249
290
416
221
222
351
264
375
221
377
413
343
335
268
375
279
344
443
419
305
269
428
395
336
289
442
306
459
452
429
357
263
345
379
198
260
354
384
346
419
425
253
183
362
445
322
307
244
269
237
288
407
284
237
463
296
423
312
291
284
217
298
440
416
237
277
452
209
441
296
328
236
269
223
223
289
344
220
375
229
423
413
456
247
277
216
237
306
459
401
445
333
263
422
297
227
344
422
462
350
232
407
263
412
413
417
350
314
225
430
294
422
328
238
250
290
413
422
362
239
340
244
399
210
313
430
438
309
366
356
444
324
302
335
426
216
328
221
417
401
412
412
433
322
345
223
368
334
366
318
436
220
435
410
394
307
438
277
339
263
372
254
368
244
381
375
329
285
285
384
269
448
339
223
326
254
389
410
465
316
339
198
322
183
325
426
323
301
372
334
395
365
289
357
423
202
374
198
406
263
311
221
195
419
354
328
447
218
423
442
211
374
221
303
369
401
311
357
224
327
364
273
422
296
236
242
372
395
413
378
344
347
434
368
204
211
308
413
335
416
324
447
227
324
346
419
276
392
351
304
428
198
412
292
423
266
357
284
418
416
221
336
375
434
329
448
328
323
308
280
239
381
238
369
234
384
291
423
422
419
417
417
375
205
232
289
439
422
435
362
231
243
430
387
375
349
485
359
391
293
351
322
409
369
227
290
330
401
430
228
237
431
430
426
324
448
445
316
445
330
339
229
396
438
374
427
479
412
286
395
454
211
429
392
306
357
294
247
279
449
378
450
233
268
363
412
348
329
303
417
363
259
321
290
372
204
395
253
364
436
419
309
212
372
274
222
484
477
413
368
428
264
377
269
285
279
215
222
412
279
391
432
346
479
413
438
241
208
375
394
389
247
465
390
253
358
336
375
231
283
410
286
263
374
406
422
413
413
442
192
206
444
459
425
263
329
254
325
284
350
482
209
196
320
449
203
448
458
458
378
404
391
351
303
353
439
276
413
340
265
375
378
378
406
259
317
386
416
221
259
271
389
295
420
237
323
347
207
312
413
413
289
389
384
276
207
285
508
308
419
301
314
183
426
375
442
446
192
322
345
422
255
221
325
413
293
413
388
405
269
194
416
340
278
374
284
357
359
270
254
379
388
373
240
376
419
409
335
321
330
443
384
460
221
475
264
264
416
435
330
369
239
221
395
406
291
311
413
233
384
441
395
305
187
192
280
432
340
351
286
329
413
353
216
407
224
441
258
482
223
215
378
252
413
444
248
458
238
470
357
360
217
187
411
413
304
291
424
340
242
222
351
444
444
215
448
375
319
349
325
379
347
423
388
387
341
415
416
369
308
363
413
221
217
474
334
432
375
293
360
471
395
363
404
375
428
369
413
321
315
465
227
252
398
351
461
334
350
209
416
418
289
253
270
212
191
208
207
264
286
196
436
319
410
350
445
469
208
375
278
441
429
423
474
234
349
209
388
303
185
268
435
350
441
340
448
284
357
449
397
280
462
395
198
413
258
428
262
266
421
260
389
397
374
284
277
272
462
369
416
306
354
413
378
465
233
274
269
394
252
413
269
333
244
307
280
384
416
360
351
341
368
425
321
334
435
413
419
273
432
456
285
363
336
265
419
357
216
236
272
395
231
441
402
304
384
401
381
426
366
283
267
432
429
277
375
319
329
416
357
327
509
416
237
432
384
214
209
410
468
219
419
357
295
260
319
351
420
300
342
425
406
279
500
375
196
413
357
329
237
459
215
331
366
248
331
394
321
303
440
224
461
388
288
324
419
416
178
241
263
342
429
441
320
419
354
322
447
334
298
239
253
400
356
321
413
260
437
413
439
359
375
212
444
327
471
502
242
334
393
375
407
451
373
441
226
389
422
438
416
389
273
319
243
431
332
290
327
363
351
334
416
350
271
444
302
357
434
395
263
379
380
418
230
284
435
293
431
309
398
432
468
402
270
253
253
300
407
407
237
354
413
285
413
242
337
275
237
259
445
390
199
216
258
320
246
375
270
375
204
353
426
301
213
487
421
254
432
442
419
236
290
382
255
289
379
325
259
465
342
414
227
421
333
283
425
398
322
429
357
441
359
242
401
331
377
399
264
288
284
443
394
194
389
227
441
301
395
401
413
202
441
316
387
265
448
274
423
284
388
227
357
470
413
190
258
199
412
401
248
418
331
329
453
375
413
434
413
465
223
200
326
449
423
314
434
334
394
248
340
326
468
254
413
333
422
308
267
404
419
231
428
347
440
400
423
398
291
389
385
411
375
301
379
320
350
445
375
279
284
427
314
340
322
328
390
401
503
196
329
450
258
226
340
321
183
388
474
438
417
384
395
379
467
203
350
442
277
279
326
348
372
422
436
289
391
395
220
226
337
352
439
274
440
322
398
400
205
380
232
317
360
349
238
420
330
399
271
438
435
473
297
449
271
330
419
297
416
438
253
450
424
455
479
389
432
209
413
429
253
428
322
346
319
343
296
489
419
438
237
436
351
226
431
221
350
413
290
224
305
369
274
236
348
269
416
212
401
395
327
407
395
384
294
270
278
394
369
236
334
413
217
478
207
465
253
448
423
324
433
394
389
305
312
317
395
430
351
263
444
417
315
435
334
419
199
459
460
323
289
435
289
354
428
293
336
351
429
248
306
414
347
258
231
385
257
246
425
207
394
207
259
237
363
364
342
259
301
268
311
323
456
436
264
250
414
344
461
425
413
338
316
320
279
344
448
211
470
306
338
270
237
486
317
413
432
426
240
453
298
422
392
290
426
205
238
308
221
465
273
467
389
227
478
270
413
263
417
336
335
428
422
378
346
445
267
476
330
413
422
410
322
263
366
468
211
319
383
342
298
273
390
426
413
353
444
345
413
382
361
351
282
413
448
450
304
263
334
346
337
395
335
224
306
466
368
303
456
319
413
320
328
217
322
242
415
375
413
438
428
316
294
426
340
470
334
445
228
263
416
455
407
321
432
291
350
422
250
315
220
275
477
237
422
340
425
217
426
242
344
369
324
456
406
308
330
215
404
300
351
370
373
345
421
417
357
237
361
258
289
278
301
349
237
378
321
425
407
270
432
413
438
237
294
423
265
395
511
163
273
278
432
383
406
302
441
413
340
322
423
425
374
430
342
229
395
413
272
447
222
315
357
242
252
312
212
259
413
416
339
384
253
264
368
416
325
242
277
263
242
433
313
216
413
237
375
354
246
308
344
318
432
307
379
243
290
360
413
413
443
440
413
279
366
238
342
416
395
381
227
249
379
375
279
213
329
192
329
441
425
372
298
476
427
299
269
345
263
394
305
185
259
294
314
426
375
441
211
414
351
433
338
290
207
448
412
375
413
460
202
306
413
496
429
286
265
413
322
340
350
324
318
329
196
249
382
478
413
278
228
222
357
446
311
392
450
417
300
422
421
416
430
444
237
402
290
255
412
212
212
426
196
352
389
349
264
461
331
325
419
475
451
501
345
436
375
299
298
384
224
280
254
248
366
413
199
248
454
246
335
280
415
375
238
260
314
378
264
294
354
423
259
416
305
270
395
340
412
422
436
334
291
248
384
298
299
389
329
238
406
419
413
365
447
273
407
360
324
223
283
441
453
278
239
242
426
470
317
439
417
406
439
228
416
442
279
419
474
221
303
163
422
419
235
406
209
455
384
252
420
339
288
422
230
275
273
263
315
344
389
282
205
293
312
399
254
342
192
296
363
447
487
422
353
351
232
373
477
481
395
347
422
433
296
423
419
426
416
241
278
269
448
328
413
448
228
359
334
272
271
340
326
297
357
334
289
375
242
383
319
412
356
289
290
280
264
296
296
270
459
284
330
243
301
307
465
210
290
279
430
222
426
340
342
243
238
384
192
238
449
320
472
252
366
360
253
281
257
223
369
209
204
417
335
438
341
254
392
298
452
253
469
335
357
407
326
398
236
295
196
340
446
473
343
413
323
425
373
231
357
401
375
450
292
254
357
401
398
443
416
431
367
419
452
388
269
424
379
306
413
281
263
254
263
238
275
379
361
208
285
269
268
295
271
322
368
425
369
226
482
357
242
273
401
303
419
279
233
357
340
357
251
319
399
268
432
413
334
372
468
340
390
417
375
335
223
403
400
308
429
349
260
406
479
309
284
369
427
465
375
399
305
179
252
335
396
211
229
444
432
294
352
222
419
290
439
413
351
284
341
413
236
289
232
253
291
220
362
432
340
357
437
448
238
454
250
300
443
241
424
444
208
236
407
444
227
246
476
416
313
434
266
351
221
378
432
376
269
270
393
344
459
468
313
280
428
435
335
311
422
325
280
413
428
268
354
257
270
280
283
329
290
303
441
352
424
387
390
388
398
413
413
335
459
369
279
395
324
274
379
317
435
357
338
422
395
433
428
413
426
387
237
217
407
217
413
305
269
268
411
394
294
375
413
346
205
490
317
363
375
373
230
243
401
243
293
419
345
334
302
422
375
243
275
470
196
422
289
411
335
221
278
284
299
462
253
300
250
351
384
305
397
205
339
442
300
434
368
236
413
433
362
401
220
273
360
217
416
310
384
237
222
322
257
347
340
247
199
419
259
392
236
369
379
273
278
295
353
412
428
207
432
425
453
430
463
238
379
275
294
356
517
367
442
299
194
353
293
369
369
257
423
334
413
217
212
413
392
243
446
228
183
438
391
479
445
372
246
238
297
413
456
251
196
409
227
420
362
417
413
375
413
388
419
413
347
456
262
258
413
473
317
279
326
384
384
222
373
476
446
413
455
410
330
275
366
441
432
206
359
395
312
192
406
331
406
441
294
254
420
305
259
226
272
264
242
237
448
376
335
416
253
258
434
254
429
204
417
374
215
237
413
359
295
277
425
426
258
395
258
284
321
395
422
197
273
392
401
341
195
422
321
397
375
413
322
216
450
290
344
305
299
388
340
353
429
389
285
304
453
215
302
311
422
268
245
344
269
407
253
448
294
340
330
453
285
339
413
426
445
413
248
412
334
306
413
439
357
351
479
334
379
460
409
374
260
460
422
429
311
288
463
232
322
217
290
325
255
411
381
218
285
258
404
228
456
369
484
350
492
389
299
451
334
360
212
398
413
335
368
290
433
227
404
322
291
204
256
412
263
227
374
501
320
352
306
413
428
274
356
413
389
423
422
312
413
403
233
446
308
278
389
222
335
334
300
351
419
357
334
192
237
248
290
257
479
259
350
425
389
344
431
419
428
250
413
334
283
398
289
429
413
324
419
339
351
462
353
237
429
214
465
404
360
359
334
375
324
324
364
385
372
364
444
426
384
455
280
341
362
215
422
249
476
417
247
421
248
261
343
222
192
395
367
442
424
425
347
259
445
324
448
445
324
224
357
237
419
244
413
384
291
237
258
441
189
438
448
367
413
357
505
300
418
280
421
418
270
407
439
452
417
360
407
237
375
412
242
352
204
309
438
341
349
268
427
361
253
269
209
285
468
491
278
388
422
395
423
307
366
472
429
422
274
487
441
390
245
499
319
413
374
271
310
398
248
337
284
388
493
279
325
201
362
185
354
357
419
406
280
443
407
473
365
233
389
294
419
419
250
379
466
228
209
357
467
426
403
422
321
426
425
358
314
445
323
336
357
298
311
200
373
237
358
211
274
236
425
313
437
492
247
357
415
423
287
333
406
324
422
305
308
284
360
330
375
324
340
317
351
436
430
324
370
314
359
381
346
354
212
258
359
413
374
333
445
216
227
381
410
212
295
378
216
216
360
283
295
309
439
394
327
423
447
290
416
365
339
413
211
323
322
305
341
450
476
225
419
287
428
470
354
373
293
275
336
218
353
473
413
329
374
407
482
350
249
360
450
327
413
357
402
299
360
357
419
421
442
270
305
357
473
342
222
299
335
423
433
246
347
252
388
183
305
341
473
178
321
427
471
422
331
334
212
223
420
207
268
329
280
441
375
237
238
310
350
375
369
375
284
268
411
399
389
406
222
353
334
357
259
301
358
439
232
290
356
308
398
413
227
364
272
318
375
423
437
316
464
317
372
425
207
413
289
426
432
379
413
413
245
353
292
258
267
502
455
416
358
374
275
384
445
277
395
447
223
291
395
486
243
204
465
227
422
442
439
348
287
308
248
500
317
341
283
413
313
268
341
401
351
238
443
422
321
350
395
372
233
289
335
274
317
413
397
397
253
342
413
224
419
443
337
435
289
319
223
242
328
327
397
340
334
249
329
375
341
451
392
453
360
442
429
393
303
392
413
369
390
419
378
339
423
223
426
231
278
422
327
422
462
351
381
305
203
431
442
347
435
398
303
368
394
359
387
395
407
329
389
319
404
369
246
357
268
342
468
280
395
443
317
395
345
503
401
308
219
446
357
440
424
426
413
229
335
417
226
240
350
478
410
278
196
378
217
421
268
417
340
334
284
459
289
390
354
410
386
238
434
289
279
247
354
413
379
482
306
423
422
395
481
290
422
336
313
355
226
285
252
429
416
236
413
224
359
456
394
325
282
221
376
343
222
252
322
222
268
445
253
413
439
343
257
373
306
419
422
312
327
280
379
350
451
490
318
324
288
423
419
364
435
290
416
413
351
374
375
305
208
223
223
407
306
432
359
462
448
413
307
237
237
391
413
282
322
429
388
459
416
280
359
369
375
438
266
412
290
240
358
413
217
351
430
402
395
444
395
372
353
219
391
435
334
463
398
329
438
275
413
347
305
391
275
335
417
321
461
264
428
375
206
283
465
279
212
226
350
428
405
356
433
451
280
422
281
370
375
208
217
207
288
385
267
369
291
211
445
353
290
236
416
351
318
357
359
289
466
368
291
265
345
285
413
311
345
307
417
308
429
290
324
207
480
413
280
280
361
379
378
259
380
413
254
413
274
237
394
254
183
389
444
330
431
473
462
256
443
304
412
341
189
425
453
334
268
301
226
247
325
309
299
398
333
240
360
412
350
380
325
384
279
441
215
352
320
422
360
455
426
194
312
357
441
369
249
326
360
207
329
396
419
364
312
322
279
394
364
291
274
254
258
297
427
259
485
226
209
364
334
205
340
372
248
356
395
338
422
263
433
395
243
222
365
426
429
422
416
205
473
413
450
324
280
260
288
239
410
264
448
478
260
459
416
419
416
405
428
454
336
243
259
382
407
416
333
237
375
368
338
359
316
364
378
374
395
448
419
320
258
279
346
269
209
379
236
416
357
308
336
297
312
315
429
413
465
419
439
354
304
324
391
314
422
189
301
306
482
346
413
437
335
410
482
422
422
374
289
436
377
204
307
479
313
375
448
279
302
435
287
232
482
395
280
396
419
480
262
467
209
410
362
356
209
442
242
416
402
413
283
352
342
228
292
445
416
299
385
426
341
263
428
337
353
413
319
237
395
351
295
372
416
216
377
329
330
357
422
257
208
274
389
423
351
258
363
208
252
419
413
335
212
334
428
378
286
342
448
257
401
296
369
451
416
428
426
413
495
360
324
417
415
462
225
322
395
411
280
453
225
419
398
178
228
231
422
306
285
195
268
214
422
322
334
312
422
233
318
351
412
413
322
233
385
323
332
193
325
374
394
249
253
183
437
384
422
362
343
297
443
268
340
341
256
459
340
288
419
428
426
389
322
415
395
420
456
236
413
263
231
389
413
315
357
274
435
374
425
436
341
428
423
211
425
453
390
258
258
484
290
397
345
395
397
423
297
243
207
441
429
435
479
237
398
413
211
376
441
431
477
375
338
336
351
351
359
222
291
357
366
392
335
249
419
428
267
353
337
286
306
357
343
423
395
352
294
374
217
242
249
442
353
350
268
389
328
395
279
308
394
252
199
349
413
298
456
340
395
465
375
319
194
290
439
424
192
277
335
278
369
302
420
362
450
448
476
320
314
249
233
342
419
325
326
345
222
357
320
407
306
448
285
273
353
242
326
341
422
456
416
391
357
456
375
261
285
320
374
445
254
321
258
413
318
331
254
395
185
395
323
227
312
212
435
321
451
349
402
246
273
413
464
198
351
416
412
288
225
357
258
353
369
213
252
258
454
432
297
246
453
429
259
390
426
290
413
296
422
253
254
343
357
284
340
304
376
379
415
474
233
226
321
357
237
341
501
322
397
429
487
320
500
368
454
348
226
259
330
150
259
338
209
401
286
452
406
395
453
282
431
313
244
360
413
418
351
482
374
321
436
373
354
373
220
325
439
249
302
264
199
258
301
352
234
284
268
362
431
413
352
336
250
419
253
343
422
395
428
302
373
284
216
336
485
345
400
357
284
243
259
350
232
438
305
462
355
371
382
315
226
358
315
192
453
454
405
343
391
448
441
333
306
356
242
425
366
320
279
375
202
279
413
290
426
296
183
432
283
300
278
469
207
439
404
413
257
280
392
229
358
244
216
237
422
431
388
277
288
381
176
259
321
232
335
485
400
280
194
237
318
286
419
268
291
318
488
305
243
342
393
265
435
287
249
375
272
473
302
318
416
339
266
430
413
451
212
264
327
395
413
359
389
275
233
375
356
320
325
395
247
402
340
243
379
441
308
274
269
424
280
419
431
321
375
446
304
368
441
435
315
217
276
357
237
375
416
313
199
448
324
357
336
353
419
315
197
248
248
380
416
482
253
279
411
242
431
430
444
252
379
422
340
263
324
455
418
221
262
437
279
243
375
359
427
409
227
395
198
335
387
252
242
395
334
437
269
465
444
410
395
359
224
321
238
429
413
431
422
292
280
435
253
391
422
407
306
348
211
401
350
278
301
357
278
419
290
342
290
309
356
407
248
369
438
278
228
407
474
444
204
479
428
262
248
401
329
285
387
423
297
388
326
416
314
243
417
228
221
308
291
459
322
475
438
258
309
288
411
352
360
389
239
290
335
351
389
425
283
451
322
362
408
433
375
322
407
448
340
330
375
444
269
238
413
413
268
426
411
195
413
281
416
432
482
449
419
430
264
302
194
341
346
289
350
351
342
264
359
254
341
247
398
280
368
451
448
259
366
357
416
413
253
254
395
438
354
243
301
259
342
260
217
406
422
255
275
369
439
340
283
422
406
351
465
436
437
351
300
253
395
479
319
258
432
413
432
332
264
320
389
264
217
308
391
248
273
273
413
247
243
468
268
311
334
210
413
437
252
269
440
323
194
248
370
388
295
318
325
453
389
310
395
413
368
311
377
396
432
312
278
316
423
319
413
444
465
305
341
398
205
382
454
423
278
263
354
422
346
381
413
183
327
413
345
433
274
374
384
443
422
440
470
381
243
383
430
239
326
459
364
260
230
388
273
291
299
374
234
417
233
328
507
295
413
205
253
290
300
290
359
455
296
388
375
335
258
439
330
375
247
412
475
281
226
255
222
317
302
358
327
313
163
268
259
398
467
356
334
255
451
432
303
419
288
316
324
444
350
348
400
375
341
426
365
334
363
266
187
380
410
419
268
415
291
296
439
264
395
422
254
238
498
412
422
451
263
243
360
423
291
277
211
465
318
335
222
223
413
490
389
327
302
380
283
255
465
476
359
351
473
441
402
343
249
328
379
237
375
482
315
369
270
185
408
333
465
355
340
301
354
220
459
336
311
335
361
442
384
253
324
358
238
295
376
217
395
315
395
218
339
313
420
226
356
351
473
224
389
419
302
275
412
273
442
253
412
367
272
323
206
360
473
395
349
335
369
284
351
472
359
311
479
237
397
225
383
392
254
428
347
351
234
330
356
350
324
321
413
362
423
306
350
290
192
428
435
462
422
397
350
459
301
413
303
340
303
413
334
242
450
485
353
299
326
422
275
454
453
353
293
413
391
379
419
208
264
413
369
422
255
352
419
378
309
336
419
351
306
449
340
425
353
237
285
340
468
410
368
208
423
357
420
234
192
367
422
263
264
254
284
407
227
456
357
194
324
373
321
442
293
355
285
207
413
438
359
388
289
306
253
413
472
389
350
416
476
308
372
270
326
398
319
383
253
395
351
244
273
393
221
295
209
401
378
422
375
335
428
442
376
473
364
328
304
445
259
252
334
413
209
413
316
484
396
269
412
339
423
357
298
436
310
394
237
426
491
394
268
426
341
359
297
359
413
372
448
416
253
422
355
336
263
467
411
241
254
346
436
300
377
198
305
278
427
357
326
293
328
446
350
413
228
244
435
264
452
416
243
350
410
413
416
444
248
277
335
408
455
381
296
253
233
409
217
431
449
331
434
335
375
389
253
284
368
352
375
401
297
395
410
324
334
247
162
369
350
272
310
341
425
337
360
384
297
476
465
510
379
438
283
398
422
461
215
456
350
215
239
341
350
308
351
438
438
254
428
340
375
357
381
349
395
373
446
320
451
439
473
205
368
259
242
294
405
333
259
243
282
456
419
458
329
351
399
378
434
334
400
305
417
431
306
471
419
325
330
324
454
441
350
360
313
432
375
413
252
397
223
309
315
278
321
419
403
430
305
375
427
398
395
247
410
416
357
426
374
367
368
352
416
313
254
416
435
373
379
229
272
430
386
359
434
388
228
470
419
324
416
357
322
339
352
323
334
278
258
413
413
351
337
419
394
445
350
389
423
429
439
377
286
439
428
438
365
272
341
436
351
447
444
365
423
412
216
337
243
223
271
351
376
423
238
426
221
379
378
448
456
423
412
243
432
401
322
296
439
353
318
392
359
324
490
345
202
328
366
453
274
454
437
389
334
295
339
274
440
310
345
373
357
446
233
413
401
413
351
441
390
369
486
297
444
453
243
357
238
351
243
350
428
317
419
489
451
485
315
259
419
374
467
318
323
308
304
293
375
264
309
470
346
423
422
425
243
417
318
468
374
422
304
364
320
476
412
221
320
356
306
308
422
398
252
208
413
222
232
351
456
260
421
292
429
334
344
426
290
419
419
346
396
413
292
431
479
362
424
379
395
420
407
263
412
323
279
302
238
435
391
310
231
247
289
263
342
268
375
457
250
329
335
280
425
413
314
295
392
334
253
351
393
316
360
422
417
438
202
435
413
360
196
199
334
242
331
425
374
374
385
289
257
243
242
330
288
459
278
391
287
284
419
426
335
335
489
248
460
281
351
271
411
243
392
412
325
369
331
379
209
428
416
274
362
487
250
258
228
380
290
388
291
369
390
269
236
338
356
456
342
432
217
369
284
467
426
335
223
350
335
320
416
338
417
419
210
211
423
183
346
339
357
418
283
381
476
335
484
462
372
221
259
426
413
456
464
307
350
463
472
283
309
278
334
404
287
295
335
500
263
208
346
253
422
383
316
258
364
335
416
314
385
454
351
257
462
223
359
425
342
212
221
345
309
380
385
256
339
413
220
289
389
424
293
417
314
284
255
410
395
413
325
321
420
413
397
423
367
294
285
341
335
318
375
453
420
253
404
423
422
247
413
426
374
220
278
328
473
243
325
358
379
262
322
359
438
309
423
450
289
226
448
445
334
328
324
417
234
448
341
358
306
373
375
461
221
428
413
403
301
274
232
243
467
370
340
341
299
426
394
396
264
382
249
413
413
233
305
441
357
278
390
477
268
279
381
413
379
331
217
445
309
423
262
286
350
450
196
289
445
416
395
483
404
420
328
204
425
375
413
468
407
465
422
248
370
217
384
416
351
234
256
209
340
423
287
329
330
432
260
408
357
413
429
455
236
310
292
372
485
464
369
421
428
335
344
441
289
324
335
413
334
384
419
416
352
384
375
227
471
485
406
312
232
259
351
379
290
357
351
313
325
286
293
335
429
459
264
398
222
357
433
249
353
279
307
313
281
302
224
369
359
315
254
413
275
405
407
196
398
417
410
312
444
209
263
412
479
314
305
421
432
426
287
361
407
239
334
416
260
306
224
423
474
256
351
375
206
432
312
361
328
290
402
369
295
407
279
289
380
324
410
312
359
420
314
303
413
278
413
351
395
443
434
289
279
443
302
306
362
291
299
384
374
341
398
213
331
447
429
272
443
290
436
428
253
221
366
458
363
314
266
328
432
395
235
286
432
351
290
335
335
356
326
227
394
456
302
413
425
272
362
237
417
357
216
335
451
420
413
378
279
258
433
243
416
303
442
269
351
437
335
208
225
407
309
300
324
407
373
207
439
423
341
489
333
207
389
419
374
448
417
286
275
441
314
253
353
357
394
411
284
356
183
231
417
413
446
422
308
330
416
281
262
441
215
422
440
361
413
226
269
342
419
391
468
208
461
435
417
419
448
357
378
217
365
395
341
384
410
272
369
226
289
259
257
413
352
250
264
413
356
227
272
259
416
194
413
413
212
340
411
356
315
407
211
471
249
408
345
409
391
319
437
443
239
335
322
207
336
309
248
392
423
286
300
346
254
294
289
377
210
295
205
462
340
300
459
307
464
221
281
476
419
219
324
231
259
413
345
312
254
340
278
285
340
422
449
280
367
259
357
268
406
336
345
465
395
335
413
243
434
359
289
382
395
250
437
389
256
394
208
274
454
254
452
339
271
318
407
384
392
453
296
253
319
375
300
269
306
351
222
389
306
335
435
278
222
310
413
361
395
315
306
476
384
233
390
395
458
243
267
274
413
353
290
459
437
490
428
305
400
373
422
217
422
378
212
412
380
419
314
388
316
397
357
303
278
363
265
426
236
334
312
194
281
379
423
440
419
426
407
341
327
454
296
487
243
500
278
303
295
350
432
315
435
319
278
312
228
269
435
300
340
367
334
289
429
324
286
477
360
373
310
194
413
385
413
309
357
236
342
445
422
351
451
395
410
407
435
244
225
419
273
198
192
290
263
429
284
378
413
340
363
445
219
254
397
458
413
322
305
394
336
432
251
428
435
303
310
288
328
482
375
389
450
263
395
348
360
412
334
279
342
425
454
395
417
307
314
434
455
372
255
359
398
389
407
471
351
395
328
318
357
309
373
343
448
268
330
438
307
368
339
257
405
308
374
309
275
357
301
329
357
289
364
257
375
261
255
432
211
290
305
470
341
438
422
502
436
335
238
377
256
413
306
369
449
365
268
305
183
404
466
185
240
213
212
223
378
245
375
486
447
291
339
383
330
341
253
213
432
226
251
240
437
363
262
438
319
432
198
340
265
302
468
388
213
412
351
219
258
307
220
413
275
425
392
450
421
290
285
335
413
375
368
295
444
291
328
394
287
284
357
197
375
425
279
288
322
279
282
277
243
198
369
346
465
253
426
243
324
380
339
287
291
413
451
351
330
340
433
462
352
407
413
474
328
241
274
242
459
301
413
422
451
413
417
374
378
338
405
292
397
420
413
473
318
380
341
198
237
204
302
427
227
356
334
351
352
307
217
425
416
243
237
422
321
447
435
487
407
334
360
395
238
424
209
340
336
253
407
416
375
403
412
372
395
413
434
284
343
283
339
423
441
359
243
369
373
378
374
253
354
443
374
423
210
205
479
456
362
300
398
341
433
306
422
283
344
203
458
423
395
424
369
327
357
285
462
360
417
407
219
264
413
353
334
373
287
335
369
217
305
252
351
384
378
232
231
373
395
419
373
351
323
216
259
434
284
357
379
249
375
310
240
417
442
306
456
267
335
407
258
428
291
192
290
433
313
315
233
426
428
226
397
360
369
204
286
473
356
274
369
315
218
421
234
429
437
398
401
224
307
205
399
315
277
475
398
322
426
462
356
442
375
391
235
423
387
329
388
413
368
290
395
413
248
468
303
369
435
270
242
419
332
273
465
277
265
450
361
324
236
438
334
413
407
378
395
264
393
350
427
419
254
371
351
422
401
476
284
353
439
432
333
424
397
395
433
293
357
323
308
386
362
340
432
295
345
342
272
236
226
276
413
318
388
274
417
369
413
288
230
237
432
351
395
369
426
345
451
424
228
271
271
341
425
416
249
252
266
417
255
428
319
305
448
447
226
467
305
441
281
469
419
232
419
363
358
438
219
411
434
337
266
295
374
456
384
395
376
229
260
436
357
399
469
313
357
418
387
433
428
222
295
238
249
288
418
448
474
242
335
288
270
306
375
268
352
354
399
350
290
407
375
424
319
487
270
384
395
284
419
423
413
226
242
249
390
279
193
321
227
307
221
300
199
284
397
269
335
366
432
441
336
416
340
206
396
311
417
296
431
275
362
243
413
464
243
273
311
398
412
413
335
377
328
295
341
357
295
344
431
208
422
255
279
283
251
319
345
375
375
298
419
378
355
389
406
416
455
384
302
204
446
429
425
450
335
263
303
265
429
445
375
207
295
285
221
381
265
250
330
222
356
334
362
253
347
407
343
375
265
395
442
389
280
322
422
289
207
370
328
473
313
317
394
425
385
351
294
289
484
298
456
293
395
316
407
437
398
429
395
436
423
285
398
269
313
377
381
367
364
233
345
268
350
419
255
264
230
350
455
407
223
214
203
444
235
380
423
473
398
280
418
287
294
413
306
223
413
432
227
253
419
256
245
279
341
458
459
411
344
397
400
275
219
298
364
428
305
215
218
226
222
300
222
219
457
293
330
230
253
196
227
419
395
374
341
374
342
269
242
388
357
326
428
395
280
456
421
383
304
429
435
163
219
209
214
214
217
305
229
389
288
375
241
474
479
221
426
425
388
429
265
275
205
416
321
341
360
413
446
442
270
296
406
341
289
335
243
416
389
444
419
390
351
413
344
319
362
418
365
226
290
464
482
324
242
334
335
238
415
428
451
288
346
330
413
352
443
390
396
413
413
391
257
419
395
375
362
455
422
272
250
407
308
362
351
369
275
430
262
298
444
479
406
484
227
332
321
375
253
379
400
485
351
247
338
221
455
407
278
221
322
376
395
310
308
417
395
431
413
210
271
354
436
273
275
416
407
360
391
234
413
380
447
267
399
184
399
438
341
425
413
468
357
389
372
444
230
448
403
357
428
242
257
394
248
436
245
357
243
290
355
384
353
338
264
487
440
357
257
412
256
278
225
284
239
245
259
387
238
422
300
397
376
295
503
422
413
428
399
419
426
354
314
293
295
419
279
182
272
320
407
356
434
299
468
263
419
375
297
289
377
222
465
373
300
305
294
342
373
380
340
398
224
445
350
221
269
349
395
290
266
308
444
347
314
413
233
335
419
258
307
423
399
295
425
258
361
452
427
353
485
444
249
267
194
222
375
335
301
219
305
429
357
413
299
413
324
217
321
330
327
392
398
349
431
272
282
303
413
268
451
314
314
269
335
192
401
407
411
407
387
416
258
252
441
454
268
423
413
212
339
395
242
419
242
313
466
250
264
413
325
299
422
347
474
232
265
476
465
290
359
192
445
182
357
437
459
231
253
268
442
401
426
363
419
302
436
413
293
452
316
373
294
313
334
325
459
497
359
505
299
346
289
310
235
435
243
340
335
425
407
351
279
340
345
359
247
299
335
416
294
257
274
363
296
318
274
407
252
283
427
403
330
339
401
459
422
417
340
435
259
330
441
397
419
215
314
220
206
395
264
306
436
258
408
363
238
296
417
310
419
457
238
388
428
350
413
422
430
374
260
310
428
422
300
351
353
218
439
248
203
287
351
412
322
351
273
413
348
326
455
445
424
467
208
252
220
318
448
449
419
384
280
389
257
437
317
424
228
268
243
419
320
375
259
238
328
432
356
353
413
436
330
365
223
390
375
470
283
273
286
395
384
460
423
351
375
422
413
280
232
295
388
436
379
358
345
237
444
237
479
417
432
369
422
221
267
369
263
432
248
304
350
316
284
442
418
402
264
461
425
366
439
283
196
428
396
310
335
351
227
237
287
304
383
284
480
221
340
381
351
447
344
448
254
196
341
428
300
302
417
332
368
319
334
368
302
252
263
324
329
402
231
437
420
201
413
273
441
344
258
401
392
284
351
392
496
344
341
364
344
183
328
416
310
329
422
294
268
298
313
270
348
375
195
241
328
403
432
268
413
429
292
385
419
394
455
413
341
422
377
333
258
462
318
395
366
341
344
334
324
258
379
254
356
423
201
259
417
274
435
232
487
407
407
335
322
324
364
420
450
413
462
435
247
425
442
262
466
402
388
305
286
449
425
441
400
417
435
413
413
413
262
462
226
456
231
381
324
196
359
423
253
323
233
402
302
402
196
210
435
239
372
448
252
429
351
270
359
456
429
212
412
445
441
394
423
243
255
474
413
323
327
252
462
249
407
239
232
425
422
400
412
462
227
337
374
291
284
290
436
415
248
364
218
335
335
425
400
299
476
284
492
341
372
378
431
438
372
450
419
419
423
299
428
273
312
426
263
233
324
375
305
424
499
419
222
227
407
381
227
325
442
478
437
294
445
263
460
395
447
438
280
301
275
413
419
429
269
243
479
413
183
269
417
286
312
419
407
226
334
264
373
245
417
379
262
395
308
465
321
313
496
255
290
334
374
239
375
329
270
413
264
270
413
277
329
299
292
395
381
413
435
356
456
413
254
264
312
340
357
298
419
344
388
285
280
432
212
353
295
320
360
461
299
328
379
395
192
406
222
209
451
341
365
398
465
242
244
377
218
395
352
419
323
340
459
442
285
397
341
423
499
256
369
272
445
340
428
413
422
437
256
465
292
454
321
381
410
382
368
299
358
239
407
323
335
359
302
329
416
310
373
455
375
321
422
314
389
257
413
338
406
291
413
242
448
302
412
395
414
353
432
390
317
428
354
245
434
447
467
449
306
311
274
237
292
258
359
228
419
356
349
475
296
416
345
413
433
227
217
369
255
387
294
259
413
226
313
389
459
219
395
417
391
319
435
211
419
220
282
378
441
424
244
328
312
335
413
389
244
298
438
465
346
431
295
416
352
239
295
413
335
268
242
395
357
465
255
268
205
373
432
198
373
334
277
389
353
280
257
339
485
316
194
394
357
274
368
394
340
430
413
298
407
395
440
326
400
470
372
417
394
479
461
446
387
397
263
249
363
314
413
330
261
428
259
395
341
456
391
284
432
445
319
258
218
417
412
295
363
335
341
408
350
398
369
454
357
350
274
389
465
226
244
438
432
265
419
402
223
335
221
206
448
268
249
334
287
309
232
309
384
395
198
395
284
357
423
249
440
413
373
309
388
319
229
222
342
514
325
372
217
387
349
394
338
329
313
445
413
359
404
343
401
328
313
383
407
413
413
312
431
450
374
232
459
340
237
413
339
264
396
353
378
384
375
407
319
426
388
346
369
307
386
403
353
239
398
450
395
345
335
198
227
308
366
444
441
389
302
413
212
264
339
307
301
337
488
336
416
465
391
340
412
410
242
336
402
361
380
279
413
303
214
413
328
357
451
198
375
348
413
389
350
395
436
340
412
477
413
198
232
372
351
376
284
448
306
369
207
447
324
395
320
403
438
417
373
318
413
223
349
391
432
348
354
336
357
315
289
494
279
263
342
412
425
381
307
357
369
223
253
243
258
456
445
425
345
374
436
433
440
413
427
388
378
309
274
313
415
430
416
439
437
309
425
244
397
294
396
442
274
435
375
337
358
429
294
221
374
222
407
365
420
237
384
324
454
422
392
360
456
369
357
317
413
403
407
324
473
298
247
357
468
233
374
397
369
374
207
395
439
465
280
252
379
212
324
367
271
413
228
226
476
252
475
252
263
288
400
437
264
374
395
438
391
352
313
269
252
372
294
413
390
407
373
482
325
211
322
476
482
351
293
277
462
224
232
273
417
279
444
328
384
389
407
237
413
247
468
256
458
341
323
345
351
334
306
448
321
326
368
257
462
232
298
223
241
254
278
369
375
395
385
329
442
355
295
227
395
305
324
244
425
361
452
432
243
438
270
194
397
358
350
373
279
347
313
319
352
413
375
258
375
358
435
253
291
208
207
512
357
432
448
309
369
395
375
444
223
456
397
493
326
443
425
237
359
396
417
238
452
241
450
416
295
315
265
422
407
185
341
409
333
422
395
419
211
459
296
435
311
194
379
274
357
512
298
490
428
338
429
425
378
413
204
237
431
237
237
309
395
316
429
465
413
288
407
417
300
383
212
375
321
233
309
207
279
208
395
357
335
294
451
273
395
314
312
456
417
334
315
357
448
413
290
272
356
288
378
187
231
397
375
416
441
259
324
278
348
419
310
413
362
416
335
242
419
445
252
369
413
313
429
226
436
194
296
421
366
423
467
407
334
326
286
442
387
377
315
222
310
340
285
388
382
375
372
285
289
274
253
375
438
422
444
238
295
285
396
422
489
328
263
461
429
292
351
262
267
305
422
257
268
438
409
267
306
395
435
343
395
356
407
368
416
207
447
303
350
300
442
374
416
269
149
367
220
330
458
233
395
369
248
413
474
305
281
396
475
317
357
345
378
371
263
413
464
275
363
389
334
451
359
425
302
453
413
222
376
302
487
414
320
243
228
383
407
447
334
378
335
395
324
350
368
416
321
163
419
322
391
298
254
407
419
328
457
353
372
436
417
297
348
447
487
313
240
353
442
395
162
353
442
224
459
253
482
408
275
257
473
238
188
437
376
389
487
227
386
305
204
366
398
253
212
368
279
369
311
428
477
248
341
438
278
263
308
302
419
214
286
281
383
458
413
206
341
473
193
183
477
444
313
465
357
421
356
448
394
419
242
462
459
269
244
395
242
412
423
245
322
335
204
335
316
397
350
331
320
321
324
447
302
256
237
466
208
317
229
419
282
343
311
375
442
357
394
369
237
233
462
378
323
435
326
454
358
358
315
321
257
262
305
227
273
369
322
309
445
305
300
423
334
368
274
318
419
364
350
447
272
259
296
407
284
378
482
238
357
422
444
290
341
401
379
407
227
432
422
194
363
408
360
454
267
241
242
438
323
413
384
230
413
368
374
254
346
435
315
249
226
413
397
436
314
338
389
273
423
342
242
301
336
439
288
442
217
413
294
375
462
435
394
443
406
257
284
350
380
313
242
238
479
447
438
435
306
445
329
341
278
325
416
278
328
377
251
449
398
315
314
422
312
213
413
419
303
425
234
274
323
210
272
237
423
422
413
334
274
422
313
330
332
362
401
344
416
413
308
464
335
420
413
338
224
232
351
355
446
419
419
375
342
397
432
428
355
357
440
425
448
217
357
212
314
421
425
275
475
252
218
353
375
409
322
407
248
429
295
441
407
395
444
366
359
417
211
350
342
407
413
435
412
407
228
423
506
227
413
314
294
326
428
429
290
314
443
325
403
357
356
339
358
451
227
459
352
406
431
395
395
247
422
348
270
289
380
306
342
350
422
369
246
408
394
335
356
248
374
442
389
286
395
411
334
384
344
357
274
349
395
472
462
253
318
375
429
428
244
352
299
324
306
413
461
325
458
372
270
264
192
426
334
413
305
498
232
369
304
315
292
420
237
214
189
384
413
419
379
362
449
270
279
433
259
428
340
422
388
310
272
267
450
308
227
352
429
401
404
413
427
407
283
290
407
413
320
357
440
285
289
348
325
389
413
233
335
428
419
373
234
429
282
428
363
330
368
443
468
413
416
374
427
378
465
369
213
287
323
436
406
217
493
357
347
305
375
413
227
432
410
381
358
371
328
281
289
211
274
